训练集准确率: 0.9682
验证集准确率: 0.7383
测试集准确率: 0.7570
分类报告:
              precision    recall  f1-score   support

         无风险       0.90      0.93      0.91       301
         低风险       0.70      0.78      0.74       250
         中风险       0.70      0.55      0.61       200
         高风险       0.66      0.72      0.69       150
        极高风险       0.73      0.66      0.69        99

    accuracy                           0.76      1000
   macro avg       0.74      0.73      0.73      1000
weighted avg       0.76      0.76      0.75      1000

混淆矩阵:
[[279  22   0   0   0]
 [ 27 195  26   2   0]
 [  4  61 110  25   0]
 [  1   1  16 108  24]
 [  0   0   6  28  65]]
