训练集准确率: 0.9405
验证集准确率: 0.6483
测试集准确率: 0.6710
分类报告:
              precision    recall  f1-score   support

         无风险       0.82      0.85      0.83       182
         低风险       0.55      0.58      0.57       167
         中风险       0.43      0.63      0.51       152
         高风险       0.74      0.56      0.64       288
        极高风险       0.82      0.77      0.80       211

    accuracy                           0.67      1000
   macro avg       0.67      0.68      0.67      1000
weighted avg       0.70      0.67      0.68      1000

混淆矩阵:
[[154  28   0   0   0]
 [ 28  97  39   3   0]
 [  1  40  96  14   1]
 [  4  10  79 161  34]
 [  0   0   9  39 163]]
