训练集准确率: 0.9740
验证集准确率: 0.6620
测试集准确率: 0.6870
分类报告:
              precision    recall  f1-score   support

         无风险       0.83      0.87      0.85       182
         低风险       0.59      0.58      0.59       167
         中风险       0.44      0.58      0.50       152
         高风险       0.73      0.60      0.66       288
        极高风险       0.83      0.81      0.82       211

    accuracy                           0.69      1000
   macro avg       0.68      0.69      0.68      1000
weighted avg       0.70      0.69      0.69      1000

混淆矩阵:
[[158  24   0   0   0]
 [ 30  97  36   4   0]
 [  0  39  88  24   1]
 [  3   4  73 174  34]
 [  0   0   4  37 170]]
