模型类型: RandomForestClassifier
训练集准确率: 0.8105
验证集准确率: 0.5427
测试集准确率: 0.5550

分类报告:
              precision    recall  f1-score   support

         无风险       0.64      0.82      0.72       182
         低风险       0.37      0.33      0.35       167
         中风险       0.31      0.55      0.39       152
         高风险       0.80      0.38      0.52       288
        极高风险       0.76      0.75      0.75       211

    accuracy                           0.56      1000
   macro avg       0.57      0.56      0.55      1000
weighted avg       0.61      0.56      0.56      1000

混淆矩阵:
[[149  25   7   1   0]
 [ 60  55  50   2   0]
 [ 13  49  83   3   4]
 [ 12  15 104 110  47]
 [  0   3  28  22 158]]