训练集：严格准确率: 0.9725, 邻近准确率: 0.9973, 距离加权正确率: 0.9856
验证集：严格准确率: 0.6637, 邻近准确率: 0.9737, 距离加权正确率: 0.8267
测试集：严格准确率: 0.6860, 邻近准确率: 0.9790, 距离加权正确率: 0.8391

分类报告:
              precision    recall  f1-score   support

         无风险       0.81      0.84      0.82       182
         低风险       0.59      0.59      0.59       167
         中风险       0.47      0.62      0.53       152
         高风险       0.72      0.60      0.65       288
        极高风险       0.83      0.81      0.82       211

    accuracy                           0.69      1000
   macro avg       0.68      0.69      0.68      1000
weighted avg       0.70      0.69      0.69      1000

混淆矩阵:
[[152  30   0   0   0]
 [ 30  98  34   5   0]
 [  0  32  94  25   1]
 [  5   6  70 172  35]
 [  0   0   4  37 170]]
