[1-10]	validation_0-mlogloss: 1.58189, 1.55632, 1.53278, 1.51285, 1.49278, 1.47270, 1.45573, 1.43898, 1.42267, 1.40676
[11-20]	validation_0-mlogloss: 1.38825, 1.37438, 1.36039, 1.34705, 1.33255, 1.31954, 1.30712, 1.29598, 1.28512, 1.27348
[21-30]	validation_0-mlogloss: 1.26385, 1.25539, 1.24624, 1.23711, 1.22789, 1.21908, 1.21025, 1.20231, 1.19376, 1.18583
[31-40]	validation_0-mlogloss: 1.17815, 1.17014, 1.16348, 1.15669, 1.15055, 1.14392, 1.13929, 1.13284, 1.12660, 1.12091
[41-50]	validation_0-mlogloss: 1.11476, 1.10909, 1.10382, 1.09880, 1.09428, 1.08975, 1.08480, 1.07978, 1.07460, 1.06922
[51-60]	validation_0-mlogloss: 1.06563, 1.06121, 1.05676, 1.05318, 1.04921, 1.04442, 1.04064, 1.03665, 1.03255, 1.02863
[61-70]	validation_0-mlogloss: 1.02444, 1.02195, 1.01791, 1.01453, 1.01100, 1.00788, 1.00428, 1.00139, 0.99844, 0.99590
[71-80]	validation_0-mlogloss: 0.99275, 0.98998, 0.98687, 0.98420, 0.98130, 0.97770, 0.97497, 0.97197, 0.96961, 0.96771
[81-90]	validation_0-mlogloss: 0.96525, 0.96272, 0.96031, 0.95780, 0.95527, 0.95202, 0.94980, 0.94705, 0.94469, 0.94241
[91-100]	validation_0-mlogloss: 0.94046, 0.93798, 0.93563, 0.93322, 0.93173, 0.92982, 0.92786, 0.92629, 0.92366, 0.92145
[101-110]	validation_0-mlogloss: 0.91908, 0.91705, 0.91554, 0.91378, 0.91194, 0.91049, 0.90808, 0.90624, 0.90449, 0.90276
[111-120]	validation_0-mlogloss: 0.90052, 0.89853, 0.89712, 0.89566, 0.89389, 0.89226, 0.89039, 0.88899, 0.88726, 0.88533
[121-130]	validation_0-mlogloss: 0.88357, 0.88195, 0.87989, 0.87882, 0.87742, 0.87536, 0.87413, 0.87241, 0.87067, 0.86870
[131-140]	validation_0-mlogloss: 0.86707, 0.86572, 0.86473, 0.86303, 0.86188, 0.86098, 0.85925, 0.85771, 0.85581, 0.85439
[141-150]	validation_0-mlogloss: 0.85242, 0.85087, 0.84971, 0.84791, 0.84668, 0.84527, 0.84412, 0.84332, 0.84175, 0.84050
[151-160]	validation_0-mlogloss: 0.83909, 0.83797, 0.83673, 0.83543, 0.83432, 0.83305, 0.83179, 0.83070, 0.82974, 0.82855
[161-170]	validation_0-mlogloss: 0.82718, 0.82593, 0.82444, 0.82326, 0.82184, 0.82077, 0.81986, 0.81884, 0.81748, 0.81632
[171-180]	validation_0-mlogloss: 0.81523, 0.81434, 0.81356, 0.81250, 0.81146, 0.81046, 0.80930, 0.80807, 0.80679, 0.80524
[181-190]	validation_0-mlogloss: 0.80393, 0.80259, 0.80156, 0.80078, 0.79943, 0.79880, 0.79788, 0.79713, 0.79603, 0.79494
[191-200]	validation_0-mlogloss: 0.79415, 0.79333, 0.79266, 0.79168, 0.79066, 0.78988, 0.78893, 0.78822, 0.78744, 0.78692
训练集准确率: 0.9325
验证集准确率: 0.7107
测试集准确率: 0.7500
分类报告:
              precision    recall  f1-score   support

         无风险       0.89      0.92      0.90       301
         低风险       0.69      0.79      0.74       250
         中风险       0.71      0.51      0.59       200
         高风险       0.64      0.71      0.67       150
        极高风险       0.72      0.69      0.70        99

    accuracy                           0.75      1000
   macro avg       0.73      0.72      0.72      1000
weighted avg       0.75      0.75      0.75      1000

混淆矩阵:
[[276  25   0   0   0]
 [ 29 198  21   2   0]
 [  2  64 102  31   1]
 [  3   0  15 106  26]
 [  0   0   5  26  68]]
