[1-10]	validation_0-mlogloss: 1.56734, 1.52875, 1.49186, 1.45675, 1.42844, 1.40384, 1.37903, 1.35665, 1.33381, 1.31245
[11-20]	validation_0-mlogloss: 1.29111, 1.27498, 1.25669, 1.23906, 1.22241, 1.20753, 1.19044, 1.17754, 1.16545, 1.15181
[21-30]	validation_0-mlogloss: 1.13922, 1.12826, 1.11788, 1.10707, 1.09690, 1.08601, 1.07732, 1.06826, 1.05884, 1.05088
[31-40]	validation_0-mlogloss: 1.04302, 1.03543, 1.02818, 1.02029, 1.01482, 1.00922, 1.00395, 0.99772, 0.99202, 0.98646
[41-50]	validation_0-mlogloss: 0.98114, 0.97509, 0.97076, 0.96568, 0.96168, 0.95703, 0.95266, 0.94791, 0.94316, 0.93869
[51-60]	validation_0-mlogloss: 0.93504, 0.93150, 0.92796, 0.92412, 0.92101, 0.91729, 0.91322, 0.90991, 0.90709, 0.90431
[61-70]	validation_0-mlogloss: 0.90060, 0.89785, 0.89487, 0.89209, 0.88871, 0.88650, 0.88307, 0.88043, 0.87762, 0.87499
[71-80]	validation_0-mlogloss: 0.87271, 0.87059, 0.86828, 0.86603, 0.86341, 0.86119, 0.85902, 0.85682, 0.85447, 0.85227
[81-90]	validation_0-mlogloss: 0.85070, 0.84811, 0.84611, 0.84366, 0.84151, 0.83896, 0.83719, 0.83503, 0.83298, 0.83140
[91-100]	validation_0-mlogloss: 0.82897, 0.82688, 0.82555, 0.82384, 0.82185, 0.81979, 0.81748, 0.81640, 0.81452, 0.81283
[101-110]	validation_0-mlogloss: 0.81123, 0.81000, 0.80884, 0.80684, 0.80474, 0.80362, 0.80221, 0.80152, 0.80011, 0.79910
[111-120]	validation_0-mlogloss: 0.79754, 0.79568, 0.79390, 0.79261, 0.79117, 0.78968, 0.78883, 0.78780, 0.78689, 0.78522
[121-130]	validation_0-mlogloss: 0.78397, 0.78301, 0.78064, 0.77934, 0.77791, 0.77632, 0.77505, 0.77364, 0.77217, 0.77107
[131-140]	validation_0-mlogloss: 0.76991, 0.76888, 0.76780, 0.76699, 0.76596, 0.76539, 0.76440, 0.76329, 0.76216, 0.76071
[141-150]	validation_0-mlogloss: 0.75995, 0.75909, 0.75808, 0.75725, 0.75657, 0.75547, 0.75399, 0.75328, 0.75214, 0.75129
[151-160]	validation_0-mlogloss: 0.75057, 0.74971, 0.74877, 0.74771, 0.74643, 0.74563, 0.74468, 0.74383, 0.74281, 0.74226
[161-170]	validation_0-mlogloss: 0.74136, 0.74062, 0.73949, 0.73914, 0.73816, 0.73703, 0.73609, 0.73542, 0.73488, 0.73384
[171-180]	validation_0-mlogloss: 0.73269, 0.73164, 0.73092, 0.73004, 0.72944, 0.72907, 0.72818, 0.72713, 0.72645, 0.72601
[181-190]	validation_0-mlogloss: 0.72516, 0.72417, 0.72372, 0.72344, 0.72273, 0.72213, 0.72163, 0.72072, 0.71996, 0.71909
[191-200]	validation_0-mlogloss: 0.71842, 0.71814, 0.71785, 0.71676, 0.71596, 0.71537, 0.71418, 0.71344, 0.71296, 0.71275
[201-210]	validation_0-mlogloss: 0.71236, 0.71172, 0.71130, 0.71021, 0.70926, 0.70899, 0.70841, 0.70810, 0.70772, 0.70699
[211-220]	validation_0-mlogloss: 0.70647, 0.70577, 0.70516, 0.70504, 0.70496, 0.70441, 0.70385, 0.70313, 0.70281, 0.70265
[221-230]	validation_0-mlogloss: 0.70200, 0.70158, 0.70120, 0.70063, 0.70042, 0.69996, 0.69951, 0.69929, 0.69878, 0.69849
[231-240]	validation_0-mlogloss: 0.69797, 0.69749, 0.69739, 0.69694, 0.69648, 0.69609, 0.69571, 0.69560, 0.69557, 0.69474
[241-250]	validation_0-mlogloss: 0.69469, 0.69456, 0.69415, 0.69420, 0.69340, 0.69284, 0.69241, 0.69206, 0.69159, 0.69120
[251-260]	validation_0-mlogloss: 0.69083, 0.69037, 0.69013, 0.68959, 0.68956, 0.68974, 0.68910, 0.68883, 0.68833, 0.68818
[261-270]	validation_0-mlogloss: 0.68825, 0.68813, 0.68776, 0.68745, 0.68702, 0.68674, 0.68620, 0.68586, 0.68563, 0.68518
[271-280]	validation_0-mlogloss: 0.68529, 0.68528, 0.68507, 0.68508, 0.68488, 0.68469, 0.68456, 0.68392, 0.68304, 0.68286
[281-290]	validation_0-mlogloss: 0.68255, 0.68217, 0.68192, 0.68142, 0.68152, 0.68162, 0.68186, 0.68158, 0.68105, 0.68098
[291-300]	validation_0-mlogloss: 0.68091, 0.68081, 0.68074, 0.68087, 0.68073, 0.68034, 0.67975, 0.67955, 0.67907, 0.67912
[301-310]	validation_0-mlogloss: 0.67889, 0.67922, 0.67873, 0.67862, 0.67817, 0.67772, 0.67759, 0.67713, 0.67708, 0.67693
[311-320]	validation_0-mlogloss: 0.67689, 0.67669, 0.67657, 0.67661, 0.67652, 0.67634, 0.67635, 0.67619, 0.67609, 0.67605
[321-330]	validation_0-mlogloss: 0.67590, 0.67585, 0.67568, 0.67581, 0.67556, 0.67554, 0.67555, 0.67575, 0.67543, 0.67557
[331-340]	validation_0-mlogloss: 0.67543, 0.67523, 0.67539, 0.67524, 0.67501, 0.67502, 0.67508, 0.67464, 0.67451, 0.67444
[341-350]	validation_0-mlogloss: 0.67442, 0.67409, 0.67382, 0.67354, 0.67368, 0.67364, 0.67331, 0.67311, 0.67308, 0.67317
[351-360]	validation_0-mlogloss: 0.67310, 0.67352, 0.67351, 0.67351, 0.67334, 0.67324, 0.67337, 0.67314, 0.67325, 0.67299
[361-370]	validation_0-mlogloss: 0.67259, 0.67241, 0.67233, 0.67235, 0.67239, 0.67224, 0.67222, 0.67182, 0.67179, 0.67176
[371-380]	validation_0-mlogloss: 0.67175, 0.67156, 0.67189, 0.67169, 0.67209, 0.67183, 0.67179, 0.67173, 0.67152, 0.67185
[381-390]	validation_0-mlogloss: 0.67154, 0.67173, 0.67175, 0.67133, 0.67127, 0.67113, 0.67119, 0.67078, 0.67067, 0.67062
[391-400]	validation_0-mlogloss: 0.67023, 0.66978, 0.66973, 0.66969, 0.66972, 0.66963, 0.66967, 0.66950, 0.66954, 0.66914
[401-410]	validation_0-mlogloss: 0.66905, 0.66883, 0.66896, 0.66906, 0.66915, 0.66942, 0.66980, 0.66958, 0.66930, 0.66890
[411-420]	validation_0-mlogloss: 0.66895, 0.66890, 0.66877, 0.66843, 0.66858, 0.66856, 0.66877, 0.66879, 0.66909, 0.66890
[421-430]	validation_0-mlogloss: 0.66886, 0.66901, 0.66898, 0.66887, 0.66848, 0.66878, 0.66839, 0.66836, 0.66863, 0.66831
[431-440]	validation_0-mlogloss: 0.66841, 0.66833, 0.66844, 0.66854, 0.66840, 0.66844, 0.66857, 0.66870, 0.66873, 0.66896
[441-450]	validation_0-mlogloss: 0.66915, 0.66912, 0.66915, 0.66916, 0.66928, 0.66884, 0.66903, 0.66880, 0.66872, 0.66878


测试集准确率: 0.7540

分类报告:
              precision    recall  f1-score   support

         无风险       0.86      0.92      0.89       301
         低风险       0.69      0.79      0.73       250
         中风险       0.77      0.55      0.64       200
         高风险       0.66      0.74      0.70       150
        极高风险       0.72      0.59      0.64        99

    accuracy                           0.75      1000
   macro avg       0.74      0.72      0.72      1000
weighted avg       0.76      0.75      0.75      1000

混淆矩阵:
[[277  24   0   0   0]
 [ 35 198  16   1   0]
 [  6  66 110  17   1]
 [  3   1  13 111  22]
 [  0   0   3  38  58]]
