[1-10]	validation_0-mlogloss: 1.49738, 1.45720, 1.41941, 1.38619, 1.35921, 1.33519, 1.31130, 1.29026, 1.26817, 1.24823
[11-20]	validation_0-mlogloss: 1.22849, 1.21360, 1.19615, 1.18072, 1.16539, 1.15184, 1.13611, 1.12425, 1.11322, 1.10124
[21-30]	validation_0-mlogloss: 1.09001, 1.08035, 1.07095, 1.06116, 1.05209, 1.04330, 1.03598, 1.02788, 1.01980, 1.01267
[31-40]	validation_0-mlogloss: 1.00551, 0.99854, 0.99170, 0.98385, 0.97766, 0.97163, 0.96690, 0.96169, 0.95638, 0.95175
[41-50]	validation_0-mlogloss: 0.94620, 0.94067, 0.93564, 0.93182, 0.92829, 0.92421, 0.92056, 0.91625, 0.91221, 0.90814
[51-60]	validation_0-mlogloss: 0.90474, 0.90182, 0.89849, 0.89516, 0.89259, 0.88912, 0.88560, 0.88320, 0.87982, 0.87700
[61-70]	validation_0-mlogloss: 0.87410, 0.87141, 0.86823, 0.86615, 0.86339, 0.86071, 0.85796, 0.85595, 0.85349, 0.85089
[71-80]	validation_0-mlogloss: 0.84895, 0.84675, 0.84476, 0.84238, 0.84052, 0.83843, 0.83686, 0.83471, 0.83299, 0.83173
[81-90]	validation_0-mlogloss: 0.83013, 0.82836, 0.82688, 0.82529, 0.82374, 0.82157, 0.81977, 0.81721, 0.81523, 0.81371
[91-100]	validation_0-mlogloss: 0.81220, 0.81055, 0.80857, 0.80699, 0.80495, 0.80373, 0.80190, 0.80088, 0.79913, 0.79776
[101-110]	validation_0-mlogloss: 0.79634, 0.79499, 0.79347, 0.79185, 0.79032, 0.78911, 0.78812, 0.78726, 0.78589, 0.78451
[111-120]	validation_0-mlogloss: 0.78314, 0.78150, 0.78007, 0.77895, 0.77764, 0.77643, 0.77519, 0.77416, 0.77310, 0.77147
[121-130]	validation_0-mlogloss: 0.77039, 0.76940, 0.76801, 0.76667, 0.76527, 0.76404, 0.76323, 0.76216, 0.76125, 0.76053
[131-140]	validation_0-mlogloss: 0.75920, 0.75802, 0.75681, 0.75593, 0.75548, 0.75469, 0.75359, 0.75223, 0.75142, 0.75026
[141-150]	validation_0-mlogloss: 0.74924, 0.74855, 0.74752, 0.74654, 0.74548, 0.74549, 0.74442, 0.74360, 0.74267, 0.74178
[151-160]	validation_0-mlogloss: 0.74082, 0.74016, 0.73926, 0.73819, 0.73773, 0.73664, 0.73573, 0.73503, 0.73423, 0.73382
[161-170]	validation_0-mlogloss: 0.73347, 0.73294, 0.73220, 0.73188, 0.73091, 0.72993, 0.72943, 0.72897, 0.72851, 0.72762
[171-180]	validation_0-mlogloss: 0.72683, 0.72654, 0.72580, 0.72509, 0.72467, 0.72431, 0.72376, 0.72345, 0.72263, 0.72222
[181-190]	validation_0-mlogloss: 0.72169, 0.72131, 0.72061, 0.72022, 0.71947, 0.71889, 0.71828, 0.71777, 0.71706, 0.71628
[191-200]	validation_0-mlogloss: 0.71555, 0.71513, 0.71427, 0.71399, 0.71339, 0.71310, 0.71243, 0.71178, 0.71123, 0.71098
[201-210]	validation_0-mlogloss: 0.71018, 0.70948, 0.70884, 0.70818, 0.70723, 0.70686, 0.70661, 0.70614, 0.70546, 0.70512
[211-220]	validation_0-mlogloss: 0.70455, 0.70397, 0.70355, 0.70325, 0.70344, 0.70315, 0.70339, 0.70258, 0.70207, 0.70181
[221-230]	validation_0-mlogloss: 0.70145, 0.70147, 0.70122, 0.70085, 0.70037, 0.70027, 0.70013, 0.70029, 0.69969, 0.69959
[231-240]	validation_0-mlogloss: 0.69908, 0.69921, 0.69882, 0.69822, 0.69775, 0.69693, 0.69664, 0.69647, 0.69615, 0.69555
[241-250]	validation_0-mlogloss: 0.69540, 0.69528, 0.69481, 0.69492, 0.69462, 0.69390, 0.69354, 0.69372, 0.69339, 0.69283
[251-260]	validation_0-mlogloss: 0.69250, 0.69209, 0.69213, 0.69161, 0.69154, 0.69161, 0.69137, 0.69130, 0.69082, 0.69072
[261-270]	validation_0-mlogloss: 0.69064, 0.69072, 0.69040, 0.68994, 0.68994, 0.68957, 0.68934, 0.68902, 0.68886, 0.68864
[271-280]	validation_0-mlogloss: 0.68873, 0.68887, 0.68852, 0.68806, 0.68801, 0.68787, 0.68761, 0.68724, 0.68690, 0.68665
[281-290]	validation_0-mlogloss: 0.68664, 0.68638, 0.68605, 0.68630, 0.68639, 0.68625, 0.68588, 0.68544, 0.68504, 0.68454
[291-300]	validation_0-mlogloss: 0.68465, 0.68451, 0.68422, 0.68409, 0.68381, 0.68364, 0.68333, 0.68341, 0.68329, 0.68319
[301-310]	validation_0-mlogloss: 0.68289, 0.68316, 0.68277, 0.68237, 0.68239, 0.68250, 0.68222, 0.68187, 0.68191, 0.68136
[311-320]	validation_0-mlogloss: 0.68115, 0.68077, 0.68051, 0.68054, 0.68039, 0.68049, 0.68048, 0.68007, 0.68005, 0.67993
[321-330]	validation_0-mlogloss: 0.67961, 0.67974, 0.67951, 0.67943, 0.67929, 0.67943, 0.67939, 0.67931, 0.67886, 0.67898
[331-340]	validation_0-mlogloss: 0.67869, 0.67883, 0.67884, 0.67887, 0.67916, 0.67881, 0.67870, 0.67832, 0.67792, 0.67770
[341-350]	validation_0-mlogloss: 0.67763, 0.67754, 0.67712, 0.67686, 0.67670, 0.67660, 0.67662, 0.67647, 0.67670, 0.67654
[351-360]	validation_0-mlogloss: 0.67653, 0.67673, 0.67711, 0.67726, 0.67712, 0.67707, 0.67676, 0.67650, 0.67662, 0.67634
[361-370]	validation_0-mlogloss: 0.67606, 0.67593, 0.67611, 0.67619, 0.67590, 0.67595, 0.67582, 0.67544, 0.67548, 0.67549
[371-380]	validation_0-mlogloss: 0.67560, 0.67535, 0.67548, 0.67561, 0.67561, 0.67567, 0.67543, 0.67530, 0.67517, 0.67540
[381-390]	validation_0-mlogloss: 0.67495, 0.67511, 0.67451, 0.67427, 0.67434, 0.67429, 0.67453, 0.67456, 0.67460, 0.67445
[391-400]	validation_0-mlogloss: 0.67428, 0.67376, 0.67383, 0.67354, 0.67342, 0.67363, 0.67372, 0.67400, 0.67406, 0.67397
[401-410]	validation_0-mlogloss: 0.67391, 0.67372, 0.67388, 0.67389, 0.67398, 0.67422, 0.67444, 0.67407, 0.67376, 0.67381
[411-415]	validation_0-mlogloss: 0.67397, 0.67394, 0.67396, 0.67400, 0.67399


测试集准确率: 0.7640

分类报告:
              precision    recall  f1-score   support

         无风险       0.88      0.93      0.91       301
         低风险       0.70      0.84      0.76       250
         中风险       0.77      0.54      0.63       200
         高风险       0.67      0.71      0.69       150
        极高风险       0.70      0.60      0.64        99

    accuracy                           0.76      1000
   macro avg       0.75      0.72      0.73      1000
weighted avg       0.76      0.76      0.76      1000

混淆矩阵:
[[281  19   0   1   0]
 [ 27 209  13   1   0]
 [  6  69 108  16   1]
 [  4   1  14 107  24]
 [  0   0   6  34  59]]
